# % length, normalized linear mass density (mass/mass_tot) / (length / SVL or VTL)
0.000000000000000000e+00 7.595091828428102154e-01
1.000000000000000021e-02 1.352543052645745369e+00
2.000000000000000042e-02 1.262495089074296084e+00
2.999999999999999889e-02 8.380930676768866272e-01
4.000000000000000083e-02 6.371590120674673896e-01
5.000000000000000278e-02 6.092887241197245674e-01
5.999999999999999778e-02 6.279366342680335888e-01
7.000000000000000666e-02 6.306737771510185775e-01
8.000000000000000167e-02 6.320693357721755001e-01
8.999999999999999667e-02 6.894637412923930730e-01
1.000000000000000056e-01 6.995161587045221063e-01
1.100000000000000006e-01 6.718606452017290565e-01
1.199999999999999956e-01 6.813512275730401191e-01
1.300000000000000044e-01 7.078591178273065943e-01
1.400000000000000133e-01 6.758724728742396826e-01
1.499999999999999944e-01 7.122514458709144902e-01
1.600000000000000033e-01 7.648243564963749241e-01
1.700000000000000122e-01 8.012992983146897119e-01
1.799999999999999933e-01 8.413812075825536363e-01
1.900000000000000022e-01 8.602949820294757410e-01
2.000000000000000111e-01 8.725868413468206297e-01
2.099999999999999922e-01 8.767174466846175962e-01
2.200000000000000011e-01 8.923684562003155740e-01
2.300000000000000100e-01 8.770524833230118888e-01
2.399999999999999911e-01 8.797515460123118691e-01
2.500000000000000000e-01 9.092390064971801467e-01
2.600000000000000089e-01 9.865329082323545107e-01
2.700000000000000178e-01 1.138465122828111298e+00
2.800000000000000266e-01 1.100599249205867602e+00
2.899999999999999800e-01 1.032440588421745575e+00
2.999999999999999889e-01 9.906658145619974265e-01
3.099999999999999978e-01 9.903681785482755240e-01
3.200000000000000067e-01 1.025882340900204248e+00
3.300000000000000155e-01 1.020711811349473752e+00
3.400000000000000244e-01 1.024232339492725297e+00
3.500000000000000333e-01 1.039098372144135141e+00
3.599999999999999867e-01 1.046253301660373447e+00
3.699999999999999956e-01 1.017242203723949912e+00
3.800000000000000044e-01 1.028604325282115983e+00
3.900000000000000133e-01 1.053625501405801579e+00
4.000000000000000222e-01 1.058612883750703171e+00
4.100000000000000311e-01 1.061067671894293518e+00
4.199999999999999845e-01 1.095409237945328185e+00
4.299999999999999933e-01 1.154510269283439472e+00
4.400000000000000022e-01 1.131272825296949058e+00
4.500000000000000111e-01 1.126153143441510629e+00
4.600000000000000200e-01 1.173716704265176158e+00
4.700000000000000289e-01 1.163090752166270114e+00
4.799999999999999822e-01 1.125970152169995631e+00
4.899999999999999911e-01 1.050917706244324679e+00
5.000000000000000000e-01 1.077819145723747596e+00
5.100000000000000089e-01 1.085017856571754757e+00
5.200000000000000178e-01 1.057100593232505492e+00
5.300000000000000266e-01 1.057147591287218580e+00
5.400000000000000355e-01 1.057486525741679673e+00
5.500000000000000444e-01 1.055383479135809432e+00
5.600000000000000533e-01 1.118260397368637582e+00
5.700000000000000622e-01 1.185971717259831637e+00
5.799999999999999600e-01 1.203456407303740816e+00
5.899999999999999689e-01 1.263730059051989763e+00
5.999999999999999778e-01 1.275400816434114182e+00
6.099999999999999867e-01 1.223025352298491519e+00
6.199999999999999956e-01 1.166748054558570447e+00
6.300000000000000044e-01 1.119494282216151104e+00
6.400000000000000133e-01 1.070056576180893337e+00
6.500000000000000222e-01 1.034819337420296526e+00
6.600000000000000311e-01 1.007716067919128600e+00
6.700000000000000400e-01 1.004274902736365549e+00
6.800000000000000488e-01 1.028790914011850077e+00
6.900000000000000577e-01 1.053480744535210123e+00
7.000000000000000666e-01 1.051615205321382751e+00
7.099999999999999645e-01 1.014424424235306432e+00
7.199999999999999734e-01 1.022154330268803646e+00
7.299999999999999822e-01 9.736828763088740679e-01
7.399999999999999911e-01 9.016169602614598766e-01
7.500000000000000000e-01 9.013152792446659234e-01
7.600000000000000089e-01 8.652856837652920241e-01
7.700000000000000178e-01 8.134293715077465237e-01
7.800000000000000266e-01 8.397268707344628380e-01
7.900000000000000355e-01 9.099682319495613347e-01
8.000000000000000444e-01 9.323910000148464272e-01
8.100000000000000533e-01 9.227509889104688057e-01
8.200000000000000622e-01 9.000305670657513524e-01
8.300000000000000711e-01 9.123737030986528440e-01
8.399999999999999689e-01 9.152423821890875999e-01
8.499999999999999778e-01 8.888661272213664866e-01
8.599999999999999867e-01 8.649420830744106725e-01
8.699999999999999956e-01 8.411117478049247032e-01
8.800000000000000044e-01 8.154148532575158370e-01
8.900000000000000133e-01 8.026972300675692118e-01
9.000000000000000222e-01 8.014964282392548212e-01
9.100000000000000311e-01 8.052120667765035877e-01
9.200000000000000400e-01 8.198503548881678205e-01
9.300000000000000488e-01 8.093782635287732896e-01
9.400000000000000577e-01 7.763830127035687978e-01
9.500000000000000666e-01 7.255461309376771695e-01
9.599999999999999645e-01 7.542457266735324017e-01
9.699999999999999734e-01 7.592676068571804215e-01
9.799999999999999822e-01 6.940176785604753595e-01
9.899999999999999911e-01 5.962387008055302084e-01
1.000000000000000000e+00 4.458477669101283403e-01
