Mean lengths
     ids         svl        total         vtl
ids                                          
30    30  788.725315  1036.126414  247.401100
31    31  750.049734  1096.404005  346.354271
32    32  661.629740   918.019208  256.389468
33    33  917.675046  1229.391982  311.716936
35    35  828.472460  1097.552893  269.080433
81    81  850.490683  1145.217098  294.726415
86    86  810.269790  1076.120460  265.850670
88    88  887.504063  1195.686690  308.182626
90    90  672.450154   889.154352  216.704197
91    91  766.447787  1062.412368  295.964581
94    94  731.456602   998.529695  267.073093
95    95  643.843214   893.370760  249.527547

STD of lengths
     ids       svl     total       vtl
ids                                   
30     0  5.461788  1.898801  6.710087
31     0  2.622966  2.453318  0.169648
32     0  7.311995  5.618085  2.174396
33     0  7.929217  5.286871  2.642346
35     0  6.315385  3.557428  2.757957
81     0  5.528475  6.337038  1.726928
86     0  6.485407  8.149353  1.952795
88     0  2.262111  1.654892  0.683729
90     0  0.000000  0.000000  0.000000
91     0  6.358038  6.905780  4.923784
94     0  3.164113  4.460021  4.691800
95     0  5.233683  9.575776  5.396278